T;-90.155000;-73.997000;-281.121000;96.514000;161.610000;57.483000;4;8;24;21;922;99;
T;-94.316000;-23.870000;155.802000;17.548000;-188.545000;51.096000;9;13;27;68;1509;243;
T;24.966000;-219.604000;-162.576000;-337.799000;382.477000;-153.288000;0;0;27;95;617;487;
T;-95.703000;-116.963000;-206.607000;-337.799000;-183.158000;-364.059000;6;18;7;35;1143;162;
T;11.096000;35.805000;-291.282000;-263.220000;-333.994000;517.347000;3;13;14;5;333;459;
T;-31.901000;190.960000;-287.895000;-74.579000;-10.774000;-625.926000;5;18;22;17;1035;93;
T;36.062000;190.960000;-213.381000;-70.192000;-382.477000;217.158000;9;3;6;87;1935;121;
T;-31.901000;-174.251000;193.059000;-193.028000;172.384000;-127.740000;3;13;5;2;2190;20;
T;47.158000;31.031000;57.579000;-228.124000;263.963000;31.935000;2;7;8;87;2507;338;
T;-8.322000;-9.548000;226.929000;131.610000;-533.313000;6.387000;7;19;22;56;367;357;
T;131.765000;210.056000;179.511000;232.511000;48.483000;83.031000;6;8;5;40;1850;210;
T;-45.771000;-236.313000;-30.483000;333.412000;-296.285000;-491.799000;8;17;18;15;2477;346;
T;74.898000;-93.093000;-23.709000;-21.935000;53.870000;613.152000;5;4;25;35;346;17;
T;66.576000;42.966000;-189.672000;-412.378000;156.223000;453.477000;4;8;2;68;880;447;
T;97.090000;4.774000;165.963000;416.765000;-48.483000;415.155000;4;5;15;30;2212;217;
T;133.152000;229.152000;-125.319000;-65.805000;333.994000;102.192000;6;3;8;21;208;354;
T;41.610000;-236.313000;-182.898000;-122.836000;134.675000;134.127000;4;19;9;63;2234;275;
T;20.805000;105.028000;-121.932000;302.703000;102.353000;549.282000;8;11;10;53;1215;202;
T;-137.313000;-226.765000;-10.161000;70.192000;53.870000;319.350000;2;13;9;82;2713;29;
T;8.322000;-131.285000;-325.152000;254.446000;102.353000;-121.353000;7;3;9;28;2789;366;
T;8.322000;-119.350000;270.960000;140.384000;-199.319000;325.737000;0;0;1;54;360;462;
T;81.833000;95.480000;274.347000;285.155000;-53.870000;530.121000;9;0;7;63;2457;313;
T;-31.901000;176.638000;-267.573000;-83.353000;199.319000;159.675000;5;4;9;4;2086;377;
T;-80.446000;54.901000;-23.709000;-263.220000;500.991000;593.991000;2;4;3;97;2604;41;
T;-119.282000;-85.932000;-30.483000;232.511000;-32.322000;319.350000;3;17;19;50;182;45;
T;23.579000;19.096000;308.217000;140.384000;263.963000;-229.932000;1;7;23;74;368;327;
T;63.802000;-73.997000;-60.966000;-394.830000;377.090000;229.932000;4;4;20;23;631;450;
T;-106.799000;54.901000;250.638000;-52.644000;474.056000;542.895000;4;9;25;97;2478;352;
T;-135.926000;-157.542000;0.000000;267.607000;-479.443000;-587.604000;8;18;7;3;1241;133;
T;-34.675000;-121.737000;115.158000;245.672000;-253.189000;542.895000;2;19;14;33;324;373;
T;38.836000;-195.734000;162.576000;-254.446000;-220.867000;-274.641000;9;12;10;84;204;24;
T;27.740000;-150.381000;132.093000;127.223000;-301.672000;574.830000;9;16;20;74;1864;370;
T;135.926000;-4.774000;-142.254000;157.932000;-156.223000;-319.350000;4;4;27;81;929;365;
T;-104.025000;-119.350000;331.926000;350.960000;425.573000;-25.548000;2;15;3;18;943;401;
T;-126.217000;-73.997000;-213.381000;381.669000;-242.415000;63.870000;4;18;5;99;2064;149;
T;-22.192000;171.864000;-37.257000;285.155000;183.158000;12.774000;0;16;24;29;2170;143;
T;-115.121000;-16.709000;-132.093000;350.960000;355.542000;44.709000;0;5;3;65;927;33;
T;110.960000;133.672000;-284.508000;17.548000;172.384000;121.353000;0;16;20;95;1012;436;
T;112.347000;195.734000;240.477000;-201.802000;-107.740000;-57.483000;2;4;25;15;1736;332;
T;-74.898000;133.672000;-237.090000;-109.675000;-258.576000;415.155000;1;14;21;75;1565;128;
T;-30.514000;-119.350000;-237.090000;-8.774000;-387.864000;562.056000;8;13;26;25;2639;269;
T;-18.031000;-200.508000;335.313000;179.867000;118.514000;-146.901000;7;9;14;81;2890;26;
T;120.669000;81.158000;-328.539000;-333.412000;393.251000;491.799000;0;15;22;44;986;354;
T;133.152000;-200.508000;0.000000;70.192000;177.771000;83.031000;5;7;5;83;1641;212;
T;76.285000;-131.285000;193.059000;-394.830000;-75.418000;-210.771000;6;5;23;36;2949;378;
T;-45.771000;-50.127000;77.901000;315.864000;166.997000;-638.700000;2;9;9;69;2315;24;
T;-94.316000;-50.127000;108.384000;-267.607000;-404.025000;6.387000;1;10;0;20;2491;175;
T;-109.573000;-236.313000;104.997000;-298.316000;360.929000;376.833000;9;12;7;47;1973;143;
T;92.929000;-76.384000;-318.378000;329.025000;-404.025000;178.836000;5;7;22;91;577;458;
T;34.675000;174.251000;-233.703000;153.545000;242.415000;-491.799000;9;9;27;44;2676;333;
T;58.254000;186.186000;243.864000;-337.799000;-290.898000;427.929000;8;2;10;42;2887;210;
T;-126.217000;164.703000;-77.901000;140.384000;500.991000;383.220000;2;9;2;53;717;366;
T;52.706000;-183.799000;328.539000;254.446000;527.926000;-6.387000;5;3;8;36;2002;241;
T;42.997000;-85.932000;-182.898000;-293.929000;172.384000;517.347000;6;1;3;56;706;481;
T;9.709000;35.805000;-47.418000;-105.288000;5.387000;-351.285000;9;9;9;16;1684;250;
T;55.480000;231.539000;-118.545000;-65.805000;-140.062000;-108.579000;0;12;14;0;2090;457;
T;24.966000;-90.706000;314.991000;298.316000;404.025000;-619.539000;9;8;13;35;2470;186;
T;-22.192000;78.771000;-328.539000;13.161000;-344.768000;-172.449000;3;2;23;54;1530;274;
T;-19.418000;-164.703000;206.607000;-223.737000;-220.867000;-306.576000;3;19;21;93;2436;85;
T;69.350000;133.672000;-250.638000;386.056000;107.740000;255.480000;4;4;25;17;1138;300;
T;105.412000;-28.644000;27.096000;-52.644000;317.833000;523.734000;2;3;26;57;2812;400;
T;62.415000;64.449000;223.542000;-399.217000;333.994000;-351.285000;0;19;25;51;273;449;
T;-9.709000;-28.644000;254.025000;-122.836000;-484.830000;-491.799000;6;11;26;0;1617;319;
T;115.121000;183.799000;314.991000;153.545000;-506.378000;-587.604000;1;4;6;69;841;445;
T;-98.477000;-188.573000;169.350000;-403.604000;-86.192000;-395.994000;8;17;26;39;1140;307;
T;44.384000;-207.669000;-206.607000;157.932000;-161.610000;249.093000;8;12;24;20;396;211;
T;134.539000;-97.867000;37.257000;131.610000;166.997000;408.768000;5;8;24;46;1079;483;
T;-20.805000;-174.251000;-331.926000;83.353000;333.994000;-364.059000;6;14;9;98;1108;271;
T;133.152000;-40.579000;77.901000;-166.706000;226.254000;434.316000;9;5;26;19;77;145;
T;-55.480000;-136.059000;67.740000;100.901000;70.031000;268.254000;9;10;12;82;787;378;
T;99.864000;-133.672000;-206.607000;-70.192000;-441.734000;-632.313000;3;15;4;83;291;424;
T;-48.545000;-14.322000;-335.313000;241.285000;393.251000;-472.638000;4;19;22;94;1864;112;
T;130.378000;45.353000;44.031000;74.579000;-382.477000;140.514000;8;16;15;82;851;272;
T;65.189000;-131.285000;44.031000;355.347000;404.025000;-204.384000;4;3;14;10;2115;420;
T;116.508000;33.418000;-281.121000;434.313000;183.158000;-146.901000;1;11;4;44;48;440;
T;-61.028000;-162.316000;-108.384000;-96.514000;-398.638000;-415.155000;1;3;26;31;1627;499;
T;101.251000;31.031000;-60.966000;109.675000;-210.093000;-255.480000;7;7;12;64;1913;170;
T;54.093000;-19.096000;-298.056000;-337.799000;-150.836000;-325.737000;2;18;16;53;1669;424;
T;-92.929000;9.548000;-132.093000;-201.802000;231.641000;-625.926000;2;12;24;21;2983;147;
T;-110.960000;207.669000;-101.610000;329.025000;-366.316000;-223.545000;6;10;12;72;2878;331;
T;-37.449000;-62.062000;-308.217000;-153.545000;-70.031000;357.672000;4;5;28;82;1278;322;
T;-18.031000;-202.895000;-88.062000;-48.257000;301.672000;459.864000;0;18;25;72;1709;21;
T;-77.672000;128.898000;-284.508000;118.449000;307.059000;-185.223000;6;18;15;14;458;68;
T;-99.864000;-238.700000;169.350000;241.285000;161.610000;12.774000;0;5;12;33;1368;147;
T;120.669000;-207.669000;67.740000;-87.740000;-495.604000;498.186000;4;16;13;41;2751;252;
T;52.706000;66.836000;-274.347000;13.161000;-204.706000;-51.096000;9;8;21;41;344;461;
T;-79.059000;-181.412000;50.805000;-157.932000;-237.028000;-625.926000;4;10;12;14;962;168;
T;-36.062000;150.381000;-145.641000;21.935000;-102.353000;-530.121000;6;2;25;83;660;270;
T;137.313000;-16.709000;60.966000;-179.867000;32.322000;357.672000;9;13;6;27;205;464;
T;1.387000;-126.511000;-311.604000;-302.703000;-447.121000;223.545000;6;6;3;55;1011;324;
T;-79.059000;-66.836000;-281.121000;-307.090000;-32.322000;146.901000;4;15;19;75;97;126;
T;116.508000;38.192000;-84.675000;-131.610000;517.152000;542.895000;1;3;16;48;2040;31;
T;-2.774000;-171.864000;-165.963000;-421.152000;387.864000;261.867000;2;10;7;31;925;260;
T;-37.449000;217.217000;-270.960000;-434.313000;484.830000;370.446000;0;0;22;68;1325;497;
T;-73.511000;-33.418000;47.418000;197.415000;-5.387000;293.802000;6;18;23;56;2303;357;
T;-8.322000;-102.641000;-121.932000;87.740000;-129.288000;-44.709000;6;18;19;98;2829;161;
T;41.610000;126.511000;325.152000;-61.418000;301.672000;-210.771000;7;10;1;79;2670;489;
T;-77.672000;138.446000;284.508000;-342.186000;350.155000;114.966000;2;14;12;52;2165;365;
T;-90.155000;188.573000;165.963000;-206.189000;-107.740000;300.189000;8;9;11;2;1229;255;
T;-102.638000;-90.706000;-270.960000;-324.638000;-522.539000;-19.161000;2;13;28;85;2096;298;
T;-52.706000;-205.282000;196.446000;188.641000;-371.703000;-89.418000;7;18;1;4;557;399;
T;-116.508000;-176.638000;-331.926000;228.124000;490.217000;491.799000;1;11;9;2;288;358;
T;-101.251000;112.189000;301.443000;127.223000;441.734000;38.322000;4;11;5;62;1402;234;
T;-5.548000;159.929000;328.539000;368.508000;-48.483000;-600.378000;1;9;23;11;818;485;
T;-18.031000;181.412000;152.415000;144.771000;377.090000;127.740000;0;5;23;61;471;445;
T;-72.124000;140.833000;274.347000;-210.576000;188.545000;619.539000;6;1;29;92;6;275;
T;56.867000;-119.350000;10.161000;65.805000;430.960000;185.223000;3;17;28;91;499;154;
T;110.960000;-23.870000;254.025000;-21.935000;-382.477000;312.963000;3;3;5;19;2468;453;
T;-36.062000;102.641000;37.257000;171.093000;113.127000;427.929000;0;19;29;66;263;224;
T;63.802000;138.446000;189.672000;193.028000;-360.929000;-153.288000;0;8;28;6;765;301;
T;95.703000;-76.384000;-247.251000;-92.127000;-75.418000;562.056000;1;15;18;95;2539;222;
T;-92.929000;-236.313000;193.059000;-394.830000;393.251000;89.418000;1;19;24;36;2537;313;
T;102.638000;-224.378000;257.412000;188.641000;215.480000;-402.381000;8;10;5;47;2252;328;
T;-29.127000;-157.542000;84.675000;4.387000;-80.805000;325.737000;4;1;12;94;2405;269;
T;-62.415000;21.483000;-233.703000;315.864000;-447.121000;-453.477000;6;3;15;65;815;59;
T;-18.031000;64.449000;-81.288000;-429.926000;161.610000;555.669000;5;14;25;64;1822;376;
T;-58.254000;52.514000;60.966000;-179.867000;199.319000;-606.765000;4;0;22;12;547;254;
T;-77.672000;176.638000;-335.313000;-434.313000;-64.644000;-530.121000;6;2;29;88;1259;298;
T;-5.548000;-83.545000;199.833000;-245.672000;-247.802000;210.771000;9;2;21;11;1553;111;
T;76.285000;93.093000;-301.443000;-135.997000;231.641000;-472.638000;6;13;18;99;443;429;
T;126.217000;-202.895000;-206.607000;-271.994000;-328.607000;-357.672000;5;19;28;0;113;466;
T;6.935000;102.641000;-142.254000;83.353000;307.059000;114.966000;4;2;15;94;2323;484;
T;-80.446000;202.895000;-233.703000;-39.483000;-177.771000;-351.285000;3;18;29;91;1969;161;
T;87.381000;193.347000;237.090000;-359.734000;193.932000;300.189000;2;7;13;65;1242;383;
T;112.347000;-198.121000;145.641000;-434.313000;-495.604000;-530.121000;4;5;18;62;58;254;
T;-112.347000;-195.734000;-145.641000;-43.870000;-199.319000;306.576000;9;14;23;68;1993;208;
T;-49.932000;157.542000;-179.511000;-144.771000;86.192000;-95.805000;3;9;14;84;468;91;
T;98.477000;205.282000;-44.031000;-421.152000;-280.124000;332.124000;8;3;25;12;1937;105;
T;122.056000;26.257000;-132.093000;-100.901000;-134.675000;-140.514000;2;3;10;89;424;303;
T;-123.443000;-183.799000;84.675000;-258.833000;-10.774000;625.926000;2;19;18;51;121;330;
T;-26.353000;-71.610000;-149.028000;-105.288000;80.805000;344.898000;9;1;11;89;2559;43;
T;130.378000;-40.579000;3.387000;302.703000;-382.477000;312.963000;8;1;14;36;773;197;
T;-102.638000;188.573000;-328.539000;140.384000;-452.508000;63.870000;7;15;1;45;2608;33;
T;-112.347000;42.966000;311.604000;135.997000;-468.669000;249.093000;7;14;24;46;2455;71;
T;-97.090000;221.991000;-287.895000;364.121000;-86.192000;-223.545000;5;14;8;87;477;29;
T;73.511000;-155.155000;-199.833000;-78.966000;360.929000;562.056000;2;6;21;84;2334;207;
T;-133.152000;-169.477000;81.288000;263.220000;463.282000;-383.220000;2;4;8;99;684;162;
T;-42.997000;-116.963000;165.963000;-118.449000;204.706000;-319.350000;7;4;22;3;1766;431;
T;-52.706000;169.477000;237.090000;96.514000;-360.929000;-415.155000;1;1;21;74;1260;464;
T;130.378000;-171.864000;-223.542000;131.610000;-328.607000;-581.217000;8;3;11;60;2988;494;
T;19.418000;-150.381000;-250.638000;-122.836000;-53.870000;-574.830000;9;18;13;21;975;132;
T;-112.347000;210.056000;-50.805000;-320.251000;-387.864000;229.932000;6;16;3;17;1742;229;
T;-22.192000;-140.833000;-298.056000;-399.217000;398.638000;395.994000;9;0;0;29;111;90;
T;19.418000;150.381000;-240.477000;21.935000;-129.288000;-613.152000;4;13;7;77;1908;296;
T;51.319000;212.443000;-281.121000;293.929000;-177.771000;466.251000;8;15;2;15;1996;323;
T;-69.350000;-100.254000;-237.090000;92.127000;-177.771000;300.189000;7;10;2;35;2297;491;
T;-12.483000;76.384000;-196.446000;13.161000;468.669000;-127.740000;1;11;5;37;161;496;
T;-116.508000;-52.514000;-40.644000;412.378000;166.997000;95.805000;9;6;9;92;1948;241;
T;-12.483000;42.966000;-159.189000;-21.935000;-387.864000;-134.127000;7;15;24;82;2311;335;
T;-112.347000;-38.192000;254.025000;17.548000;5.387000;-121.353000;7;5;28;77;2926;136;
T;36.062000;-193.347000;74.514000;324.638000;382.477000;-625.926000;9;14;16;18;1442;417;
T;-138.700000;-210.056000;145.641000;-118.449000;441.734000;-236.319000;0;18;0;35;1478;316;
T;-65.189000;-100.254000;-54.192000;254.446000;-123.901000;485.412000;9;13;17;14;274;41;
T;115.121000;-11.935000;104.997000;-162.319000;-328.607000;-632.313000;8;8;0;34;1780;192;
T;-85.994000;-16.709000;6.774000;-100.901000;468.669000;357.672000;7;2;9;65;1998;389;
T;115.121000;140.833000;-132.093000;131.610000;-53.870000;-338.511000;9;2;27;67;906;381;
T;66.576000;-147.994000;-138.867000;-324.638000;-96.966000;453.477000;5;11;29;90;1491;57;
T;126.217000;200.508000;-33.870000;-250.059000;430.960000;504.573000;7;6;3;64;951;266;
T;15.257000;-114.576000;-213.381000;-74.579000;210.093000;140.514000;7;5;9;62;1394;272;
T;-5.548000;219.604000;294.669000;337.799000;-70.031000;332.124000;5;1;21;16;793;412;
T;9.709000;217.217000;155.802000;201.802000;242.415000;555.669000;1;7;17;37;2824;273;
T;-123.443000;205.282000;47.418000;-250.059000;-43.096000;-447.090000;6;16;26;45;119;27;
T;128.991000;66.836000;216.768000;-289.542000;339.381000;370.446000;1;6;27;51;1051;152;
T;-115.121000;-95.480000;-338.700000;-285.155000;-177.771000;38.322000;1;19;6;4;2456;477;
T;135.926000;31.031000;-159.189000;179.867000;-21.548000;-593.991000;5;13;4;55;651;48;
T;-72.124000;-85.932000;-311.604000;-201.802000;-129.288000;415.155000;2;15;25;57;2179;63;
T;113.734000;52.514000;121.932000;-236.898000;226.254000;-38.322000;8;2;10;95;1394;38;
T;-6.935000;83.545000;298.056000;412.378000;382.477000;536.508000;2;9;26;20;2112;106;
T;-42.997000;33.418000;-328.539000;302.703000;5.387000;127.740000;3;17;21;9;2037;95;
T;-62.415000;-83.545000;-162.576000;-140.384000;-215.480000;-281.028000;8;15;12;68;1420;482;
T;59.641000;171.864000;281.121000;-403.604000;-296.285000;-453.477000;5;10;18;33;1484;168;
T;80.446000;97.867000;250.638000;-271.994000;-10.774000;242.706000;8;2;21;29;611;467;
T;-81.833000;-145.607000;67.740000;70.192000;-80.805000;-587.604000;0;19;24;2;460;178;
T;84.607000;-221.991000;-162.576000;-43.870000;-210.093000;287.415000;2;2;1;20;1488;441;
T;12.483000;-90.706000;54.192000;4.387000;-150.836000;-383.220000;7;5;10;11;1600;183;
T;90.155000;-28.644000;-206.607000;-65.805000;-425.573000;-127.740000;7;7;29;64;2581;191;
T;-135.926000;-147.994000;189.672000;83.353000;263.963000;-453.477000;2;15;0;53;1284;247;
T;58.254000;-179.025000;-237.090000;-184.254000;-274.737000;312.963000;3;2;21;99;2933;81;
T;20.805000;195.734000;-260.799000;135.997000;344.768000;-344.898000;8;8;16;14;1892;321;
T;137.313000;-73.997000;331.926000;-166.706000;118.514000;-114.966000;7;17;14;69;1244;407;
T;-47.158000;176.638000;308.217000;-311.477000;-156.223000;-434.316000;2;3;15;22;2495;243;
T;104.025000;-42.966000;-304.830000;153.545000;-344.768000;619.539000;2;6;29;33;1735;222;
T;42.997000;59.675000;-338.700000;-179.867000;-166.997000;574.830000;8;15;4;83;2308;419;
T;47.158000;-229.152000;-6.774000;-425.539000;-48.483000;102.192000;5;9;26;67;625;325;
T;109.573000;28.644000;237.090000;-48.257000;210.093000;83.031000;9;17;11;6;1951;241;
T;58.254000;88.319000;-206.607000;-144.771000;366.316000;300.189000;9;19;24;46;2568;401;
T;116.508000;78.771000;-267.573000;57.031000;-280.124000;-134.127000;0;17;23;65;1307;80;
T;59.641000;73.997000;84.675000;-35.096000;5.387000;-223.545000;5;16;9;30;2056;219;
T;31.901000;35.805000;135.480000;-17.548000;-484.830000;12.774000;9;14;9;53;439;348;
T;122.056000;-157.542000;0.000000;78.966000;-166.997000;-593.991000;6;14;18;0;1114;283;
T;-110.960000;-28.644000;-77.901000;-250.059000;285.511000;-632.313000;7;14;21;26;1771;483;
T;-120.669000;-188.573000;-27.096000;179.867000;522.539000;332.124000;5;11;6;44;993;386;
T;-65.189000;-229.152000;230.316000;-105.288000;-118.514000;587.604000;0;4;23;47;69;238;
T;104.025000;66.836000;-30.483000;-438.700000;452.508000;281.028000;5;14;3;86;2295;374;
T;-63.802000;181.412000;304.830000;-403.604000;26.935000;-370.446000;8;15;1;73;1576;388;
T;-15.257000;14.322000;71.127000;-342.186000;-393.251000;427.929000;9;8;18;2;674;239;
T;-84.607000;-42.966000;331.926000;-425.539000;215.480000;370.446000;2;5;14;99;1263;289;
T;-99.864000;217.217000;-203.220000;4.387000;317.833000;351.285000;1;9;16;0;1758;462;
T;-131.765000;-9.548000;250.638000;-214.963000;479.443000;-389.607000;7;12;9;46;1076;278;
T;-106.799000;-188.573000;254.025000;-39.483000;-425.573000;-395.994000;4;15;1;31;275;326;
T;40.223000;-233.926000;328.539000;-43.870000;-247.802000;-338.511000;3;2;4;37;2994;493;
T;-65.189000;4.774000;-291.282000;-421.152000;-430.960000;383.220000;3;0;11;17;671;140;
T;112.347000;212.443000;-321.765000;-399.217000;-91.579000;-204.384000;9;10;5;7;1004;92;
T;0.000000;-126.511000;165.963000;250.059000;43.096000;223.545000;6;7;7;48;1136;78;
T;84.607000;-181.412000;331.926000;179.867000;436.347000;568.443000;3;4;8;71;1391;137;
T;-29.127000;210.056000;101.610000;-39.483000;-226.254000;-510.960000;3;5;25;2;2076;105;
T;119.282000;-76.384000;-145.641000;-307.090000;102.353000;-191.610000;7;9;10;96;2019;216;
T;61.028000;-81.158000;-74.514000;-179.867000;441.734000;-395.994000;7;19;9;68;1341;12;
T;-98.477000;-202.895000;118.545000;131.610000;296.285000;593.991000;3;4;26;23;376;0;
T;-135.926000;124.124000;-318.378000;21.935000;-398.638000;-479.025000;8;1;21;26;2406;201;
T;-130.378000;76.384000;182.898000;390.443000;339.381000;-530.121000;8;10;7;15;2444;117;
T;62.415000;-76.384000;209.994000;-377.282000;156.223000;542.895000;4;12;24;21;1868;193;
T;108.186000;52.514000;203.220000;-337.799000;527.926000;-172.449000;0;12;12;87;1005;464;
T;-73.511000;-85.932000;-203.220000;-193.028000;452.508000;-351.285000;5;15;8;84;2351;416;
T;-49.932000;210.056000;-60.966000;-39.483000;-53.870000;319.350000;8;6;18;42;980;456;
T;-73.511000;221.991000;169.350000;13.161000;188.545000;-319.350000;8;15;25;58;1133;200;
T;91.542000;33.418000;30.483000;289.542000;177.771000;-619.539000;4;14;23;81;482;475;
T;79.059000;174.251000;54.192000;135.997000;452.508000;-523.734000;4;16;10;88;1838;61;
T;30.514000;212.443000;267.573000;-416.765000;350.155000;-523.734000;2;0;9;61;1753;281;
T;-74.898000;152.768000;267.573000;-166.706000;53.870000;281.028000;9;7;23;35;762;429;
T;-13.870000;-42.966000;155.802000;-429.926000;-404.025000;-319.350000;9;16;8;63;2790;160;
T;9.709000;-14.322000;132.093000;-412.378000;-156.223000;25.548000;5;12;21;3;272;301;
T;-76.285000;21.483000;304.830000;399.217000;-134.675000;-210.771000;2;4;22;36;1652;138;
T;-19.418000;221.991000;-274.347000;-434.313000;339.381000;293.802000;8;7;4;57;293;233;
T;-105.412000;219.604000;10.161000;-43.870000;307.059000;408.768000;1;8;27;0;98;299;
T;-135.926000;226.765000;-213.381000;-52.644000;-425.573000;364.059000;5;13;21;83;1281;379;
T;95.703000;-231.539000;-88.062000;39.483000;-269.350000;-376.833000;0;10;22;77;116;465;
T;15.257000;-81.158000;-71.127000;271.994000;301.672000;-332.124000;6;18;0;42;338;394;
T;73.511000;159.929000;-50.805000;-412.378000;204.706000;89.418000;8;13;22;57;446;279;
T;-128.991000;64.449000;-91.449000;232.511000;-457.895000;127.740000;6;10;29;58;2542;323;
T;47.158000;-69.223000;13.548000;52.644000;-145.449000;-434.316000;0;18;27;38;2260;100;
T;104.025000;-183.799000;-20.322000;30.709000;193.932000;146.901000;4;15;21;36;2829;201;
T;-130.378000;-23.870000;10.161000;271.994000;-75.418000;242.706000;6;6;6;19;1498;208;
T;-124.830000;-171.864000;27.096000;276.381000;134.675000;-210.771000;6;13;0;78;376;43;
T;-23.579000;66.836000;172.737000;245.672000;70.031000;530.121000;8;11;2;42;2013;457;
T;4.161000;-11.935000;321.765000;-399.217000;404.025000;402.381000;0;8;8;4;765;142;
T;102.638000;90.706000;-74.514000;48.257000;-118.514000;172.449000;4;8;6;56;1564;55;
T;19.418000;-50.127000;199.833000;-250.059000;-177.771000;-166.062000;0;12;7;22;1438;67;
T;101.251000;-152.768000;274.347000;-149.158000;-32.322000;-440.703000;7;5;2;62;1058;27;
T;79.059000;-78.771000;77.901000;-61.418000;118.514000;562.056000;0;4;22;17;2532;376;
T;49.932000;-217.217000;-257.412000;-372.895000;-113.127000;-306.576000;1;8;14;78;1285;449;
T;108.186000;71.610000;50.805000;-74.579000;-382.477000;236.319000;5;16;22;60;2032;452;
T;-113.734000;-131.285000;-84.675000;386.056000;-26.935000;-312.963000;1;17;2;87;2641;455;
T;-1.387000;183.799000;-64.353000;-276.381000;107.740000;-44.709000;7;12;2;81;2437;224;
T;101.251000;128.898000;-111.771000;394.830000;220.867000;89.418000;9;4;23;44;2816;42;
T;-98.477000;155.155000;-220.155000;-372.895000;37.709000;-504.573000;6;6;22;26;685;94;
T;-45.771000;88.319000;-311.604000;-83.353000;-145.449000;472.638000;5;16;2;97;521;367;
T;113.734000;69.223000;-209.994000;386.056000;366.316000;-395.994000;5;15;24;44;1006;101;
T;-36.062000;-9.548000;-308.217000;109.675000;-441.734000;-249.093000;6;3;19;98;2038;290;
T;-48.545000;114.576000;-67.740000;83.353000;-447.121000;395.994000;3;18;6;93;1023;462;
T;0.000000;-26.257000;-182.898000;8.774000;-538.700000;255.480000;3;8;5;6;98;420;
T;134.539000;33.418000;-91.449000;-70.192000;86.192000;223.545000;3;17;11;83;1768;191;
T;-120.669000;-26.257000;318.378000;210.576000;-441.734000;-25.548000;5;14;8;49;1424;126;
T;-1.387000;-42.966000;260.799000;-298.316000;-344.768000;287.415000;8;1;19;25;1295;480;
T;-133.152000;-169.477000;-226.929000;-201.802000;-317.833000;-491.799000;1;11;13;61;2792;78;
T;26.353000;116.963000;203.220000;-324.638000;500.991000;-434.316000;0;16;18;52;1252;206;
T;30.514000;-100.254000;-40.644000;193.028000;-150.836000;364.059000;1;7;16;25;1045;403;
T;-62.415000;69.223000;-27.096000;-412.378000;-199.319000;217.158000;2;7;17;39;1614;259;
T;-29.127000;119.350000;159.189000;-70.192000;506.378000;312.963000;3;14;16;42;2940;384;
T;45.771000;181.412000;-308.217000;-184.254000;64.644000;504.573000;3;14;29;84;2841;367;
T;-92.929000;-195.734000;-172.737000;-285.155000;317.833000;-268.254000;3;1;26;27;2597;439;
T;31.901000;90.706000;-281.121000;210.576000;452.508000;-12.774000;2;5;13;60;2992;32;
T;-42.997000;136.059000;-169.350000;372.895000;-506.378000;44.709000;1;8;7;70;1263;208;
T;6.935000;78.771000;-165.963000;-271.994000;0.000000;376.833000;0;19;11;89;1015;496;
T;9.709000;210.056000;308.217000;17.548000;43.096000;108.579000;1;0;11;28;718;400;
T;124.830000;-95.480000;-216.768000;-250.059000;-511.765000;-376.833000;7;12;1;40;1789;473;
T;-9.709000;-205.282000;-37.257000;-223.737000;-409.412000;-89.418000;7;1;13;44;2939;233;
T;-66.576000;-174.251000;101.610000;245.672000;312.446000;-191.610000;8;11;23;43;2876;208;
T;55.480000;200.508000;-37.257000;223.737000;-215.480000;-76.644000;0;19;9;90;403;116;
T;-24.966000;205.282000;260.799000;-228.124000;307.059000;542.895000;2;17;8;4;1968;464;
T;8.322000;162.316000;250.638000;399.217000;53.870000;38.322000;7;5;19;79;421;35;
T;-45.771000;233.926000;169.350000;-105.288000;-37.709000;287.415000;5;3;11;32;2545;346;
T;109.573000;-57.288000;3.387000;289.542000;226.254000;-12.774000;1;19;5;88;2442;354;
T;92.929000;-42.966000;318.378000;-179.867000;134.675000;274.641000;3;10;23;12;1037;237;
T;44.384000;140.833000;162.576000;135.997000;-210.093000;121.353000;9;15;11;46;503;235;
T;-113.734000;71.610000;-298.056000;-26.322000;-333.994000;38.322000;9;14;16;14;2414;491;
T;29.127000;28.644000;-54.192000;381.669000;430.960000;459.864000;7;15;5;30;1773;30;
T;-99.864000;131.285000;-118.545000;-135.997000;247.802000;606.765000;9;1;13;69;2835;269;
T;84.607000;-40.579000;125.319000;-386.056000;-522.539000;-281.028000;0;5;3;6;1999;120;
T;-23.579000;-205.282000;16.935000;285.155000;468.669000;140.514000;4;11;19;73;1876;353;
T;-133.152000;-42.966000;-13.548000;-197.415000;-96.966000;-274.641000;9;13;18;44;1755;48;
T;22.192000;-97.867000;-311.604000;429.926000;-301.672000;-197.997000;6;14;2;38;2710;169;
T;116.508000;-45.353000;-91.449000;236.898000;-495.604000;587.604000;6;1;29;36;93;484;
T;-27.740000;-26.257000;226.929000;298.316000;393.251000;562.056000;4;14;29;77;2999;121;
T;-117.895000;-188.573000;-118.545000;-263.220000;441.734000;517.347000;3;2;13;33;2551;204;
T;-45.771000;-16.709000;-40.644000;-425.539000;231.641000;-95.805000;0;4;14;92;1197;119;
T;33.288000;-238.700000;-277.734000;-140.384000;301.672000;472.638000;2;8;14;89;2603;459;
T;135.926000;224.378000;13.548000;-193.028000;409.412000;-191.610000;7;3;21;89;212;334;
T;-11.096000;76.384000;-311.604000;-267.607000;-355.542000;293.802000;1;8;23;73;181;321;
T;-80.446000;-133.672000;13.548000;-329.025000;463.282000;249.093000;7;0;24;27;2210;294;
T;34.675000;-66.836000;-287.895000;-30.709000;290.898000;268.254000;6;5;14;98;2165;134;
T;134.539000;-100.254000;-77.901000;-364.121000;215.480000;-217.158000;1;6;13;48;1597;444;
T;-90.155000;-57.288000;169.350000;-320.251000;183.158000;562.056000;5;7;8;87;2791;480;
T;76.285000;119.350000;277.734000;-416.765000;86.192000;-447.090000;0;2;4;2;944;494;
T;-120.669000;236.313000;-44.031000;324.638000;118.514000;63.870000;3;1;0;1;385;360;
T;84.607000;-54.901000;-203.220000;96.514000;-123.901000;485.412000;9;17;24;33;1324;157;
T;31.901000;-136.059000;-94.836000;429.926000;409.412000;-479.025000;4;5;12;66;1991;46;
T;44.384000;78.771000;-159.189000;70.192000;-123.901000;485.412000;2;14;25;40;1406;223;
T;20.805000;64.449000;-226.929000;-355.347000;-53.870000;-287.415000;7;2;4;14;433;438;
T;122.056000;131.285000;20.322000;-267.607000;-339.381000;-402.381000;2;16;2;49;1505;90;
T;116.508000;-190.960000;27.096000;293.929000;80.805000;-466.251000;9;9;1;10;354;484;
T;-40.223000;0.000000;16.935000;-421.152000;414.799000;19.161000;1;5;16;70;259;470;
T;124.830000;-174.251000;199.833000;346.573000;-333.994000;-242.706000;2;12;4;17;737;350;
T;-131.765000;210.056000;-287.895000;315.864000;-86.192000;-619.539000;5;2;28;57;1916;142;
T;48.545000;-162.316000;203.220000;-171.093000;371.703000;-108.579000;8;7;12;36;2162;155;
T;-77.672000;133.672000;-321.765000;-166.706000;522.539000;-38.322000;0;11;13;16;1063;193;
T;85.994000;-162.316000;-27.096000;-74.579000;-414.799000;625.926000;8;18;25;2;1720;227;
T;91.542000;-54.901000;287.895000;271.994000;258.576000;-613.152000;5;7;14;10;1909;368;
T;99.864000;169.477000;142.254000;337.799000;-387.864000;479.025000;4;13;11;77;667;388;
T;-74.898000;112.189000;-182.898000;-421.152000;-91.579000;-351.285000;0;10;19;68;761;331;
T;-47.158000;-219.604000;-209.994000;355.347000;301.672000;-638.700000;0;14;18;17;1498;177;
T;4.161000;16.709000;-54.192000;-43.870000;366.316000;-498.186000;3;18;9;42;2948;134;
T;90.155000;73.997000;-118.545000;26.322000;-490.217000;-185.223000;3;19;23;88;2316;161;
T;-6.935000;236.313000;60.966000;166.706000;-387.864000;-178.836000;7;9;20;96;1771;67;
T;-63.802000;45.353000;264.186000;184.254000;-247.802000;-25.548000;2;14;12;97;2447;342;
T;-30.514000;-169.477000;98.223000;-35.096000;382.477000;-83.031000;7;19;20;73;2878;137;
T;33.288000;-114.576000;-220.155000;-149.158000;-414.799000;-12.774000;1;2;10;36;2926;246;
T;-73.511000;-229.152000;-101.610000;135.997000;414.799000;-236.319000;4;4;10;28;1492;463;
T;-135.926000;-186.186000;10.161000;407.991000;-253.189000;-102.192000;8;7;8;8;2312;339;
T;67.963000;-214.830000;213.381000;390.443000;-37.709000;-555.669000;6;7;0;38;2288;238;
T;-76.285000;210.056000;294.669000;-228.124000;-91.579000;134.127000;8;17;10;63;1570;440;
T;109.573000;-62.062000;-209.994000;-48.257000;156.223000;-504.573000;6;6;6;8;160;271;
T;-88.768000;138.446000;-108.384000;267.607000;463.282000;-57.483000;0;16;22;43;1186;452;
T;22.192000;-128.898000;314.991000;-57.031000;-527.926000;632.313000;3;10;6;41;499;85;
T;45.771000;-16.709000;-111.771000;-17.548000;430.960000;383.220000;2;12;5;24;2728;277;
T;-1.387000;-157.542000;30.483000;-122.836000;199.319000;-197.997000;3;11;17;16;8;256;
T;-135.926000;-52.514000;209.994000;-13.161000;-226.254000;-440.703000;3;10;21;8;643;55;
T;-117.895000;119.350000;-240.477000;57.031000;371.703000;-479.025000;1;14;11;49;2285;294;
T;73.511000;93.093000;155.802000;100.901000;134.675000;-204.384000;8;17;3;55;1855;7;
T;88.768000;155.155000;-10.161000;-293.929000;-231.641000;-134.127000;4;6;3;59;1764;144;
T;-83.220000;-231.539000;20.322000;-17.548000;-118.514000;370.446000;1;15;12;28;2078;450;
T;34.675000;-131.285000;-260.799000;118.449000;360.929000;-121.353000;8;5;25;43;674;62;
T;87.381000;195.734000;274.347000;342.186000;506.378000;-638.700000;2;2;18;85;143;348;
T;-61.028000;-143.220000;-135.480000;-425.539000;430.960000;185.223000;7;8;6;40;1398;231;
T;-135.926000;-9.548000;203.220000;87.740000;-75.418000;-12.774000;6;7;9;90;616;233;
T;-54.093000;207.669000;-254.025000;201.802000;193.932000;504.573000;5;6;27;31;1223;439;
T;-36.062000;-97.867000;-281.121000;-175.480000;-161.610000;415.155000;9;9;21;81;2897;54;
T;105.412000;-190.960000;-243.864000;87.740000;-457.895000;108.579000;2;11;23;29;2995;397;
T;130.378000;57.288000;-57.579000;429.926000;-75.418000;-370.446000;7;9;29;17;672;321;
T;99.864000;-159.929000;165.963000;-114.062000;-307.059000;-606.765000;6;14;28;18;1922;211;
T;-6.935000;35.805000;-3.387000;386.056000;-269.350000;-600.378000;9;19;24;92;2185;359;
T;26.353000;33.418000;67.740000;166.706000;-156.223000;-281.028000;6;13;28;61;1273;200;
T;88.768000;-126.511000;60.966000;-26.322000;263.963000;-472.638000;0;17;16;93;1384;256;
T;30.514000;-90.706000;-108.384000;-293.929000;430.960000;281.028000;3;3;17;85;191;492;
T;87.381000;-147.994000;91.449000;-236.898000;-161.610000;364.059000;0;5;3;18;1825;198;
T;106.799000;-45.353000;179.511000;333.412000;463.282000;312.963000;3;16;4;76;2509;68;
T;112.347000;-121.737000;-325.152000;-236.898000;-161.610000;-83.031000;4;19;4;75;1382;61;
T;-73.511000;-231.539000;135.480000;-438.700000;-80.805000;593.991000;1;6;23;30;1042;403;
T;-119.282000;186.186000;54.192000;-57.031000;-226.254000;-19.161000;3;3;17;60;1454;453;
T;-18.031000;-167.090000;308.217000;-74.579000;-479.443000;-166.062000;3;5;16;52;1073;377;
T;31.901000;-150.381000;206.607000;214.963000;5.387000;606.765000;5;9;26;65;21;159;
T;-99.864000;14.322000;-186.285000;-8.774000;220.867000;306.576000;5;17;19;42;917;415;
T;-36.062000;81.158000;-311.604000;188.641000;-161.610000;-293.802000;7;11;9;81;1386;294;
T;55.480000;188.573000;121.932000;219.350000;500.991000;351.285000;9;8;4;81;2297;60;
T;20.805000;143.220000;-179.511000;-48.257000;-237.028000;415.155000;2;9;22;33;1562;50;
T;-79.059000;-186.186000;54.192000;429.926000;-75.418000;549.282000;3;12;20;51;1812;3;
T;9.709000;-150.381000;-274.347000;258.833000;312.446000;402.381000;1;3;17;37;2504;383;
T;119.282000;-31.031000;-294.669000;-333.412000;371.703000;127.740000;2;19;26;25;984;476;
T;-99.864000;31.031000;-54.192000;87.740000;59.257000;-95.805000;2;9;25;45;1207;78;
T;-94.316000;145.607000;220.155000;280.768000;-517.152000;-121.353000;7;7;8;35;2226;365;
T;-95.703000;-69.223000;-294.669000;-48.257000;463.282000;-6.387000;1;4;0;54;1979;160;
T;-6.935000;-78.771000;-250.638000;61.418000;166.997000;-293.802000;6;0;26;92;1501;438;
T;-5.548000;26.257000;-281.121000;122.836000;102.353000;134.127000;0;4;27;8;949;326;
T;-1.387000;14.322000;13.548000;21.935000;533.313000;-255.480000;4;13;29;76;1752;303;
T;-4.161000;-167.090000;-277.734000;-100.901000;-490.217000;-140.514000;4;4;3;52;181;176;
T;-49.932000;112.189000;-196.446000;-13.161000;-70.031000;-600.378000;8;2;29;27;1767;375;
T;-77.672000;-174.251000;287.895000;65.805000;86.192000;-140.514000;2;11;12;79;766;447;
T;-61.028000;7.161000;-40.644000;-83.353000;-506.378000;389.607000;3;9;12;13;152;199;
T;135.926000;-136.059000;27.096000;-153.545000;-506.378000;-172.449000;3;18;8;88;138;289;
T;99.864000;83.545000;108.384000;-193.028000;-533.313000;408.768000;3;4;2;22;2599;29;
T;-81.833000;229.152000;-101.610000;-175.480000;-285.511000;-562.056000;3;7;0;92;2211;138;
T;52.706000;179.025000;-240.477000;-13.161000;-16.161000;-593.991000;9;12;23;52;457;376;
T;-13.870000;155.155000;-64.353000;43.870000;312.446000;-102.192000;7;7;3;41;499;196;
T;-120.669000;179.025000;20.322000;228.124000;10.774000;485.412000;5;4;29;26;1266;325;
T;24.966000;124.124000;-284.508000;-127.223000;484.830000;-159.675000;2;8;14;26;1591;72;
T;-47.158000;78.771000;331.926000;337.799000;10.774000;274.641000;6;4;22;15;137;217;
T;-108.186000;188.573000;20.322000;364.121000;-350.155000;395.994000;7;14;5;75;1451;151;
T;109.573000;-183.799000;47.418000;-377.282000;0.000000;-172.449000;7;18;14;98;1599;245;
T;137.313000;138.446000;308.217000;-245.672000;-517.152000;159.675000;0;13;16;81;867;208;
T;122.056000;-217.217000;118.545000;-390.443000;274.737000;479.025000;5;18;26;69;2889;389;
T;-126.217000;42.966000;233.703000;-175.480000;-371.703000;536.508000;8;19;24;23;31;459;
T;-61.028000;0.000000;206.607000;416.765000;-511.765000;555.669000;5;7;9;35;1771;192;
T;-44.384000;-147.994000;-270.960000;-412.378000;360.929000;606.765000;7;1;4;10;123;352;
T;61.028000;107.415000;-98.223000;-342.186000;-420.186000;472.638000;4;2;9;79;2036;170;
T;-79.059000;-174.251000;-98.223000;-140.384000;-360.929000;530.121000;7;8;10;49;45;90;
T;-15.257000;233.926000;23.709000;-57.031000;64.644000;466.251000;1;7;19;62;282;260;
T;-70.737000;183.799000;138.867000;258.833000;-59.257000;370.446000;5;1;12;80;1470;428;
T;-20.805000;-23.870000;108.384000;96.514000;468.669000;-25.548000;7;18;18;66;2443;9;
T;-134.539000;128.898000;-47.418000;271.994000;-538.700000;-242.706000;8;15;13;19;2738;311;
T;20.805000;-42.966000;16.935000;-4.387000;474.056000;-587.604000;8;18;14;88;783;132;
T;105.412000;40.579000;-125.319000;280.768000;425.573000;-530.121000;5;8;3;65;921;417;
T;99.864000;100.254000;84.675000;-35.096000;-328.607000;-606.765000;4;7;15;15;1559;483;
T;24.966000;-174.251000;213.381000;425.539000;166.997000;121.353000;9;5;17;67;1410;126;
T;52.706000;54.901000;-94.836000;-223.737000;193.932000;140.514000;7;15;9;85;2006;39;
T;-102.638000;-233.926000;308.217000;-78.966000;91.579000;-249.093000;4;17;16;24;1022;268;
T;-119.282000;83.545000;10.161000;131.610000;296.285000;-498.186000;5;5;23;65;243;449;
T;13.870000;28.644000;-145.641000;-390.443000;425.573000;574.830000;2;15;19;38;2947;485;
T;-101.251000;236.313000;-40.644000;337.799000;-307.059000;-281.028000;9;6;23;96;2379;228;
T;-63.802000;171.864000;-20.322000;-434.313000;-490.217000;-593.991000;2;4;10;64;2171;129;
T;74.898000;-26.257000;-57.579000;-144.771000;393.251000;-434.316000;3;11;8;33;2017;463;
T;45.771000;83.545000;-128.706000;-48.257000;371.703000;287.415000;0;7;16;80;1194;239;
T;-37.449000;-164.703000;189.672000;-57.031000;339.381000;-421.542000;1;18;27;28;2249;119;
T;-9.709000;195.734000;-57.579000;-197.415000;210.093000;-281.028000;1;4;0;64;429;201;
T;1.387000;-50.127000;-254.025000;-193.028000;-199.319000;-459.864000;1;18;26;63;1171;328;
T;-58.254000;181.412000;145.641000;-39.483000;-285.511000;223.545000;6;19;7;42;2355;386;
T;-130.378000;33.418000;243.864000;114.062000;-527.926000;249.093000;0;17;1;17;1905;165;
T;-41.610000;-78.771000;233.703000;83.353000;-522.539000;-632.313000;2;15;12;40;1166;73;
T;8.322000;-233.926000;314.991000;-293.929000;-280.124000;-166.062000;7;2;19;93;123;378;
T;-56.867000;-124.124000;-67.740000;-337.799000;387.864000;-542.895000;0;4;11;69;746;151;
T;-24.966000;-69.223000;-277.734000;-412.378000;210.093000;178.836000;2;7;7;3;2264;17;
T;101.251000;124.124000;-20.322000;166.706000;-269.350000;-210.771000;0;1;0;83;323;67;
T;-27.740000;221.991000;260.799000;39.483000;430.960000;-268.254000;5;18;25;55;236;364;
T;-4.161000;-190.960000;186.285000;-329.025000;-463.282000;-242.706000;8;16;18;86;1023;420;
T;110.960000;40.579000;-37.257000;-228.124000;-91.579000;-127.740000;1;8;22;90;2519;107;
T;-19.418000;14.322000;-20.322000;-92.127000;420.186000;-178.836000;0;10;3;78;1002;376;
T;-33.288000;131.285000;-54.192000;184.254000;436.347000;229.932000;3;17;3;62;1935;391;
T;-6.935000;-159.929000;213.381000;144.771000;258.576000;555.669000;4;17;22;46;1337;262;
T;-70.737000;28.644000;-274.347000;-276.381000;366.316000;-185.223000;1;12;29;68;1215;397;
T;-63.802000;112.189000;-260.799000;421.152000;-366.316000;146.901000;9;17;21;17;1984;176;
T;-24.966000;-93.093000;-284.508000;267.607000;339.381000;389.607000;9;13;21;96;1696;423;
T;24.966000;50.127000;-40.644000;-162.319000;247.802000;-319.350000;2;14;4;22;1867;159;
T;74.898000;164.703000;47.418000;210.576000;188.545000;-166.062000;5;18;20;35;1834;226;
T;18.031000;-183.799000;-165.963000;52.644000;468.669000;-146.901000;9;6;15;15;2076;266;
T;-36.062000;-102.641000;135.480000;-78.966000;274.737000;-357.672000;4;2;26;40;2840;59;
T;135.926000;200.508000;-44.031000;-35.096000;-96.966000;-619.539000;0;18;27;76;861;230;
T;-95.703000;136.059000;-267.573000;320.251000;-269.350000;0.000000;6;2;20;6;717;205;
T;44.384000;155.155000;-209.994000;-438.700000;-53.870000;344.898000;0;11;11;95;2748;163;
T;67.963000;-233.926000;-104.997000;114.062000;-333.994000;6.387000;5;13;5;28;1165;339;
T;90.155000;-169.477000;108.384000;245.672000;263.963000;325.737000;0;16;25;72;2192;474;
T;-34.675000;42.966000;-101.610000;425.539000;-80.805000;44.709000;9;2;15;44;1372;411;
T;95.703000;-85.932000;88.062000;302.703000;204.706000;-625.926000;2;16;9;16;2647;381;
T;69.350000;-128.898000;118.545000;219.350000;-360.929000;606.765000;9;10;15;93;487;127;
T;27.740000;-188.573000;-10.161000;-210.576000;5.387000;-25.548000;3;15;11;78;2179;62;
T;128.991000;57.288000;223.542000;-193.028000;-323.220000;-261.867000;9;4;14;64;2243;419;
T;-115.121000;195.734000;301.443000;403.604000;70.031000;-466.251000;2;3;17;15;1601;209;
T;77.672000;26.257000;301.443000;307.090000;-156.223000;-236.319000;0;11;9;44;2611;369;
T;123.443000;131.285000;23.709000;320.251000;436.347000;312.963000;1;2;25;98;2443;369;
T;-66.576000;59.675000;104.997000;416.765000;350.155000;-172.449000;4;0;23;22;1354;446;
T;92.929000;76.384000;-294.669000;315.864000;-436.347000;376.833000;4;12;26;66;1261;188;
T;67.963000;124.124000;-6.774000;-105.288000;-231.641000;562.056000;5;17;12;5;405;428;
T;-6.935000;-81.158000;-142.254000;78.966000;-452.508000;-376.833000;1;14;1;47;734;374;
T;-97.090000;233.926000;108.384000;0.000000;387.864000;-472.638000;9;16;8;92;1158;190;
T;45.771000;131.285000;189.672000;-302.703000;-414.799000;-281.028000;6;14;5;95;1798;351;
T;59.641000;83.545000;-165.963000;-114.062000;253.189000;338.511000;4;10;19;4;1037;465;
T;-41.610000;93.093000;-77.901000;-254.446000;-301.672000;523.734000;7;4;27;41;2359;276;
T;52.706000;-169.477000;64.353000;276.381000;-91.579000;-293.802000;0;4;28;26;2260;202;
T;26.353000;-54.901000;-203.220000;267.607000;-490.217000;-632.313000;3;18;20;16;1473;328;
T;-12.483000;93.093000;-54.192000;320.251000;296.285000;281.028000;0;3;24;84;138;168;
T;131.765000;-133.672000;-193.059000;210.576000;-290.898000;-63.870000;0;16;24;38;1226;171;
T;-79.059000;-23.870000;-74.514000;26.322000;-21.548000;114.966000;4;5;2;14;2437;464;
T;-104.025000;147.994000;-135.480000;-320.251000;414.799000;153.288000;9;19;16;31;169;309;
T;-37.449000;-221.991000;-60.966000;122.836000;-312.446000;-38.322000;5;5;2;91;755;152;
T;1.387000;-150.381000;16.935000;-232.511000;495.604000;306.576000;2;12;14;63;303;453;
T;29.127000;-236.313000;335.313000;114.062000;-16.161000;-102.192000;0;15;26;71;2110;142;
T;92.929000;205.282000;54.192000;-403.604000;59.257000;613.152000;4;1;23;30;509;422;
T;112.347000;-174.251000;-179.511000;324.638000;-452.508000;108.579000;3;9;21;35;2140;125;
T;108.186000;28.644000;-40.644000;0.000000;533.313000;89.418000;6;4;22;60;678;38;
T;13.870000;-169.477000;257.412000;232.511000;-307.059000;332.124000;5;13;22;93;763;358;
T;-45.771000;-52.514000;-135.480000;298.316000;10.774000;-625.926000;5;12;9;88;184;357;
T;48.545000;-155.155000;-335.313000;289.542000;172.384000;402.381000;1;18;23;6;2734;423;
T;45.771000;-81.158000;-291.282000;-21.935000;-382.477000;581.217000;5;13;12;42;2422;15;
T;-8.322000;-162.316000;-308.217000;-298.316000;-484.830000;351.285000;7;5;20;75;2403;495;
T;-131.765000;-14.322000;88.062000;179.867000;360.929000;-76.644000;1;18;19;96;21;244;
T;135.926000;-176.638000;77.901000;368.508000;-166.997000;12.774000;2;16;4;89;795;267;
T;-117.895000;-171.864000;-88.062000;-403.604000;-37.709000;236.319000;3;15;9;74;101;197;
T;76.285000;176.638000;30.483000;118.449000;70.031000;-51.096000;9;2;4;48;1594;176;
T;106.799000;26.257000;118.545000;228.124000;204.706000;466.251000;0;15;20;22;756;170;
T;128.991000;-76.384000;-60.966000;-118.449000;-447.121000;-427.929000;5;11;24;51;2585;332;
T;52.706000;-21.483000;-213.381000;-184.254000;-409.412000;153.288000;8;0;6;23;971;382;
T;30.514000;38.192000;-88.062000;-8.774000;328.607000;-242.706000;4;1;17;35;2178;37;
T;-34.675000;164.703000;81.288000;-285.155000;463.282000;-153.288000;6;10;25;74;154;10;
T;-95.703000;181.412000;-250.638000;386.056000;382.477000;12.774000;9;16;24;79;854;271;
T;122.056000;-14.322000;128.706000;-118.449000;-37.709000;-632.313000;6;3;17;27;2759;455;
T;-116.508000;221.991000;71.127000;-346.573000;-474.056000;-287.415000;5;5;11;83;1513;176;
T;79.059000;-159.929000;-145.641000;-135.997000;123.901000;-638.700000;5;16;5;50;1349;135;
T;34.675000;-109.802000;-57.579000;-219.350000;447.121000;-440.703000;5;18;3;11;1453;319;
T;-2.774000;4.774000;-145.641000;276.381000;484.830000;-261.867000;9;17;6;27;2711;349;
T;-99.864000;40.579000;176.124000;-368.508000;-32.322000;395.994000;6;8;3;88;630;46;
T;-20.805000;-190.960000;226.929000;43.870000;301.672000;-408.768000;0;7;14;85;1683;46;
T;11.096000;224.378000;-176.124000;-114.062000;32.322000;568.443000;3;12;20;84;841;476;
T;-85.994000;59.675000;-54.192000;-210.576000;253.189000;395.994000;6;18;15;66;1872;105;
T;-110.960000;-21.483000;-74.514000;359.734000;377.090000;485.412000;9;19;10;58;1597;283;
T;76.285000;-200.508000;-115.158000;-355.347000;43.096000;-479.025000;7;10;12;17;2513;403;
T;24.966000;221.991000;-57.579000;-359.734000;511.765000;-383.220000;2;8;7;43;2782;131;
T;131.765000;221.991000;6.774000;364.121000;-527.926000;-229.932000;3;8;15;85;737;45;
T;-2.774000;-9.548000;30.483000;342.186000;-102.353000;-613.152000;9;19;18;27;1089;405;
T;-105.412000;-150.381000;33.870000;-434.313000;-32.322000;89.418000;8;12;23;12;32;88;
T;-119.282000;105.028000;-74.514000;87.740000;-123.901000;-38.322000;1;16;10;95;1781;219;
T;55.480000;47.740000;-121.932000;74.579000;-377.090000;281.028000;2;5;29;11;2263;20;
T;42.997000;-200.508000;-193.059000;-122.836000;-452.508000;-274.641000;9;1;3;85;2431;325;
T;-37.449000;93.093000;331.926000;381.669000;-533.313000;453.477000;2;7;8;10;1603;306;
T;-70.737000;-78.771000;94.836000;-342.186000;398.638000;242.706000;5;16;16;95;1871;272;
T;-117.895000;-23.870000;-314.991000;429.926000;253.189000;-517.347000;2;8;28;65;858;383;
T;55.480000;90.706000;294.669000;-131.610000;156.223000;-274.641000;4;13;21;32;1303;144;
T;131.765000;-16.709000;-186.285000;57.031000;-436.347000;274.641000;5;5;18;55;1682;194;
T;-2.774000;221.991000;115.158000;-315.864000;-387.864000;-606.765000;4;11;18;6;470;471;
T;6.935000;-66.836000;243.864000;-105.288000;166.997000;-236.319000;5;10;25;2;52;390;
T;106.799000;202.895000;-325.152000;87.740000;10.774000;421.542000;8;5;9;60;253;178;
T;-133.152000;-169.477000;-145.641000;302.703000;-64.644000;-70.257000;3;15;23;77;2363;107;
T;-101.251000;-150.381000;13.548000;329.025000;-43.096000;-581.217000;4;11;6;10;2817;66;
T;9.709000;-150.381000;199.833000;-96.514000;0.000000;191.610000;1;19;15;6;684;291;
T;11.096000;152.768000;-101.610000;333.412000;-210.093000;-312.963000;0;0;26;45;2994;142;
T;69.350000;-229.152000;128.706000;250.059000;-452.508000;593.991000;2;12;22;88;1400;461;
T;-23.579000;35.805000;321.765000;48.257000;118.514000;274.641000;2;9;11;80;328;30;
T;134.539000;35.805000;-270.960000;-342.186000;-355.542000;-549.282000;7;17;5;72;21;36;
T;58.254000;116.963000;-172.737000;250.059000;-430.960000;-153.288000;6;13;0;42;2598;210;
T;117.895000;-114.576000;169.350000;35.096000;323.220000;-325.737000;0;0;1;32;2660;148;
T;24.966000;-167.090000;264.186000;-57.031000;-220.867000;185.223000;2;5;13;88;2892;50;
T;90.155000;-57.288000;37.257000;-35.096000;-474.056000;485.412000;4;4;3;8;2443;142;
T;-72.124000;121.737000;-254.025000;-210.576000;80.805000;370.446000;9;3;1;40;2277;50;
T;-74.898000;90.706000;108.384000;-271.994000;-188.545000;-364.059000;4;10;18;24;842;296;
T;-44.384000;-131.285000;-220.155000;8.774000;296.285000;-57.483000;8;3;10;26;1428;232;
T;-12.483000;-143.220000;-50.805000;-416.765000;-161.610000;-479.025000;1;0;13;49;2357;457;
T;-109.573000;186.186000;10.161000;-289.542000;382.477000;389.607000;3;1;3;3;2371;367;
T;133.152000;181.412000;250.638000;-372.895000;468.669000;-491.799000;2;4;20;37;1609;411;
T;-122.056000;171.864000;145.641000;-390.443000;285.511000;389.607000;9;12;28;69;692;165;
T;126.217000;-69.223000;-169.350000;368.508000;-495.604000;408.768000;0;15;10;84;554;163;
T;-128.991000;-136.059000;91.449000;114.062000;-484.830000;-453.477000;1;16;2;46;2541;230;
T;-70.737000;124.124000;-186.285000;-153.545000;156.223000;70.257000;6;12;14;50;2486;39;
T;1.387000;-233.926000;-338.700000;-228.124000;-285.511000;159.675000;2;16;20;92;149;72;
T;41.610000;157.542000;-88.062000;-355.347000;393.251000;-255.480000;0;11;26;52;811;348;
T;112.347000;2.387000;67.740000;157.932000;253.189000;-504.573000;3;19;16;36;2336;34;
T;72.124000;-214.830000;-189.672000;-245.672000;129.288000;-197.997000;2;12;9;30;2071;192;
T;-67.963000;-52.514000;291.282000;144.771000;188.545000;-447.090000;2;9;15;51;294;350;
T;34.675000;-224.378000;-71.127000;-399.217000;-166.997000;408.768000;4;17;3;33;2124;463;
T;38.836000;198.121000;-294.669000;311.477000;80.805000;312.963000;8;1;11;86;473;27;
T;12.483000;-7.161000;60.966000;267.607000;-123.901000;510.960000;5;7;5;9;881;485;
T;44.384000;-226.765000;-121.932000;153.545000;188.545000;134.127000;8;1;10;6;873;461;
T;23.579000;9.548000;-267.573000;-298.316000;-436.347000;-31.935000;6;4;29;17;830;168;
T;130.378000;221.991000;-74.514000;-289.542000;145.449000;-389.607000;2;0;2;53;2341;255;
T;77.672000;-186.186000;-81.288000;-223.737000;511.765000;440.703000;0;11;25;2;645;416;
T;30.514000;-38.192000;-186.285000;70.192000;70.031000;-31.935000;5;17;24;33;2828;313;
T;20.805000;171.864000;-304.830000;-412.378000;258.576000;242.706000;4;13;4;5;2034;4;
T;-76.285000;188.573000;121.932000;175.480000;107.740000;-217.158000;7;8;17;50;1388;378;
T;-117.895000;-190.960000;125.319000;-171.093000;382.477000;593.991000;9;14;0;71;2568;146;
T;130.378000;-169.477000;74.514000;293.929000;-80.805000;-19.161000;5;0;20;84;46;115;
T;117.895000;124.124000;-298.056000;-206.189000;-344.768000;-440.703000;3;11;29;64;655;384;
T;117.895000;-81.158000;325.152000;-223.737000;468.669000;-549.282000;4;10;14;16;1910;5;
T;105.412000;-9.548000;50.805000;-324.638000;-533.313000;-172.449000;1;9;27;34;206;78;
T;-22.192000;-119.350000;-132.093000;17.548000;-317.833000;153.288000;6;2;4;6;151;406;
T;-52.706000;-145.607000;-57.579000;-8.774000;16.161000;510.960000;3;15;20;4;2611;46;
T;-67.963000;102.641000;-243.864000;-206.189000;-393.251000;-364.059000;8;9;10;19;1690;281;
T;110.960000;-200.508000;-94.836000;140.384000;-102.353000;300.189000;1;12;14;42;575;304;
T;137.313000;167.090000;165.963000;228.124000;-48.483000;-408.768000;0;1;6;98;2466;468;
T;-76.285000;-200.508000;-220.155000;-315.864000;398.638000;95.805000;5;18;8;77;2457;497;
T;81.833000;-97.867000;-74.514000;-48.257000;59.257000;-325.737000;1;11;0;69;1196;495;
T;11.096000;45.353000;243.864000;329.025000;204.706000;146.901000;8;15;24;43;1174;93;
T;-130.378000;-229.152000;284.508000;-109.675000;-425.573000;619.539000;5;17;27;73;869;242;
T;-119.282000;52.514000;-247.251000;-315.864000;16.161000;-517.347000;8;13;12;99;1283;328;
T;-70.737000;100.254000;-169.350000;271.994000;263.963000;376.833000;2;13;24;77;1780;125;
T;-2.774000;16.709000;115.158000;21.935000;474.056000;306.576000;4;3;12;94;348;311;
T;124.830000;-9.548000;-298.056000;206.189000;215.480000;-166.062000;8;0;5;65;2229;349;
T;95.703000;174.251000;57.579000;17.548000;-172.384000;159.675000;7;3;9;48;710;127;
T;-81.833000;167.090000;-10.161000;87.740000;441.734000;-108.579000;8;9;9;26;984;36;
T;58.254000;2.387000;60.966000;302.703000;350.155000;-606.765000;7;10;26;94;49;497;
T;-4.161000;164.703000;10.161000;315.864000;-409.412000;498.186000;2;3;18;86;1753;22;
T;-23.579000;140.833000;267.573000;-372.895000;301.672000;0.000000;8;16;1;37;2437;435;
T;61.028000;-90.706000;101.610000;-83.353000;-177.771000;274.641000;5;8;4;17;2619;178;
T;-16.644000;-73.997000;-254.025000;-70.192000;48.483000;-491.799000;1;8;3;13;761;114;
T;12.483000;-202.895000;-291.282000;223.737000;-161.610000;-332.124000;2;14;29;26;1913;205;
T;-87.381000;-19.096000;37.257000;-175.480000;404.025000;447.090000;2;3;8;35;2625;126;
T;104.025000;-221.991000;-226.929000;-337.799000;183.158000;-249.093000;0;7;15;26;67;450;
T;-16.644000;121.737000;-314.991000;-399.217000;382.477000;440.703000;9;17;7;20;2717;489;
T;-62.415000;-128.898000;10.161000;-355.347000;-210.093000;581.217000;2;1;13;14;1533;422;
T;59.641000;7.161000;267.573000;135.997000;193.932000;172.449000;3;14;23;16;205;322;
T;-112.347000;85.932000;-169.350000;-298.316000;70.031000;-542.895000;2;5;23;46;1724;414;
T;-51.319000;-64.449000;159.189000;-390.443000;253.189000;255.480000;8;8;11;7;1655;282;
T;38.836000;-42.966000;-311.604000;-315.864000;-70.031000;185.223000;1;4;21;6;1924;286;
T;23.579000;-100.254000;240.477000;258.833000;-32.322000;-185.223000;0;4;8;53;1045;202;
T;67.963000;-45.353000;-213.381000;-434.313000;-177.771000;140.514000;7;16;9;78;2042;338;
T;-40.223000;-164.703000;243.864000;-241.285000;-231.641000;-89.418000;6;16;23;31;1938;401;
T;-62.415000;-179.025000;308.217000;-386.056000;96.966000;-415.155000;1;11;23;69;619;110;
T;80.446000;195.734000;-145.641000;289.542000;-398.638000;-268.254000;1;1;12;71;1084;415;
T;-56.867000;205.282000;226.929000;206.189000;-317.833000;191.610000;0;17;9;25;667;283;
T;94.316000;-217.217000;230.316000;228.124000;123.901000;127.740000;7;12;15;1;809;456;
T;-19.418000;-226.765000;-284.508000;114.062000;-495.604000;134.127000;3;13;23;83;1291;192;
T;76.285000;193.347000;308.217000;-342.186000;-285.511000;12.774000;5;2;11;42;2424;85;
T;101.251000;-202.895000;0.000000;377.282000;-129.288000;-217.158000;9;3;22;28;2715;139;
T;115.121000;200.508000;-328.539000;-302.703000;-274.737000;-357.672000;2;16;1;36;109;141;
T;-98.477000;-200.508000;-152.415000;381.669000;-339.381000;-95.805000;3;9;29;5;1179;488;
T;-69.350000;145.607000;325.152000;0.000000;161.610000;-70.257000;2;13;0;82;1444;259;
T;104.025000;28.644000;-250.638000;175.480000;263.963000;344.898000;9;4;0;69;650;288;
T;106.799000;167.090000;27.096000;355.347000;-371.703000;-542.895000;8;4;28;85;1851;271;
T;124.830000;157.542000;-149.028000;372.895000;522.539000;-185.223000;1;2;13;56;738;63;
T;73.511000;9.548000;-10.161000;403.604000;-474.056000;-70.257000;4;14;0;58;1251;335;
T;9.709000;-119.350000;108.384000;-122.836000;-479.443000;427.929000;7;8;13;11;2173;443;
T;-70.737000;171.864000;-250.638000;399.217000;-247.802000;-421.542000;0;8;25;7;1556;351;
T;9.709000;100.254000;-240.477000;35.096000;247.802000;-63.870000;8;17;29;17;2913;66;
T;44.384000;131.285000;3.387000;403.604000;-204.706000;-632.313000;2;1;27;14;2672;324;
T;42.997000;45.353000;-128.706000;271.994000;457.895000;268.254000;3;12;22;54;251;6;
T;-131.765000;205.282000;-240.477000;-61.418000;-210.093000;-89.418000;8;11;13;36;704;179;
T;-133.152000;-95.480000;284.508000;-26.322000;-328.607000;-574.830000;1;16;10;72;59;470;
T;72.124000;-124.124000;243.864000;311.477000;-140.062000;-549.282000;7;18;13;90;1099;170;
T;79.059000;-150.381000;-298.056000;-153.545000;495.604000;76.644000;7;2;2;97;2500;336;
T;87.381000;221.991000;-37.257000;337.799000;161.610000;127.740000;9;4;24;35;339;35;
T;23.579000;-145.607000;-54.192000;-236.898000;183.158000;140.514000;8;2;4;53;1318;64;
T;-20.805000;136.059000;-331.926000;-368.508000;-506.378000;-325.737000;3;16;4;43;1121;202;
T;-34.675000;-16.709000;216.768000;-228.124000;-91.579000;619.539000;1;4;26;77;1840;81;
T;-70.737000;183.799000;-216.768000;-175.480000;-10.774000;-491.799000;3;14;20;60;2022;219;
T;-99.864000;71.610000;74.514000;-302.703000;-452.508000;-574.830000;7;16;4;78;2096;76;
T;-4.161000;-231.539000;-149.028000;-254.446000;-59.257000;-293.802000;7;1;2;78;2988;11;
T;74.898000;-219.604000;331.926000;96.514000;-193.932000;-325.737000;8;3;27;42;765;363;
T;85.994000;-202.895000;-325.152000;109.675000;-409.412000;-76.644000;8;15;6;93;201;288;
T;34.675000;164.703000;-199.833000;329.025000;-479.443000;-223.545000;0;10;19;74;1038;395;
T;-15.257000;42.966000;257.412000;-337.799000;420.186000;549.282000;8;15;2;71;376;123;
T;-34.675000;-100.254000;165.963000;-416.765000;113.127000;-466.251000;3;9;6;26;545;214;
T;113.734000;114.576000;186.285000;223.737000;75.418000;146.901000;9;5;29;64;2271;497;
T;-67.963000;226.765000;274.347000;337.799000;517.152000;255.480000;3;8;2;20;18;411;
T;62.415000;97.867000;182.898000;-232.511000;193.932000;-364.059000;2;19;10;26;2370;379;
T;116.508000;-21.483000;-20.322000;394.830000;-414.799000;632.313000;5;11;7;1;849;334;
T;-101.251000;-102.641000;223.542000;74.579000;-91.579000;185.223000;6;4;11;35;1363;34;
T;5.548000;116.963000;-77.901000;162.319000;-16.161000;-102.192000;0;3;29;51;2955;264;
T;-33.288000;183.799000;-94.836000;193.028000;-204.706000;-197.997000;5;17;20;40;1092;415;
T;134.539000;-40.579000;-260.799000;434.313000;-113.127000;255.480000;4;2;24;36;2523;183;
T;-77.672000;-159.929000;287.895000;0.000000;102.353000;357.672000;6;4;16;67;1859;255;
T;-51.319000;-214.830000;281.121000;-193.028000;-10.774000;-395.994000;5;17;29;92;983;0;
T;13.870000;-50.127000;226.929000;87.740000;447.121000;-568.443000;2;12;20;93;209;139;
T;-94.316000;-200.508000;-304.830000;122.836000;-96.966000;51.096000;7;12;26;5;1349;361;
T;-98.477000;-85.932000;54.192000;-157.932000;107.740000;-57.483000;8;5;24;37;1092;23;
T;-49.932000;-57.288000;-57.579000;-140.384000;-37.709000;95.805000;5;4;26;17;1663;319;
T;-128.991000;-47.740000;-176.124000;-302.703000;123.901000;312.963000;6;2;26;92;970;325;
T;81.833000;35.805000;30.483000;-21.935000;511.765000;-370.446000;5;18;23;15;1853;65;
T;-19.418000;-190.960000;260.799000;416.765000;32.322000;479.025000;5;13;2;3;2498;316;
T;-88.768000;128.898000;-287.895000;-263.220000;479.443000;466.251000;6;5;9;72;1566;287;
T;47.158000;-76.384000;121.932000;-324.638000;-517.152000;236.319000;1;4;28;66;747;361;
T;67.963000;85.932000;-250.638000;78.966000;183.158000;-517.347000;4;9;24;26;1544;113;
T;91.542000;128.898000;237.090000;65.805000;-280.124000;-140.514000;1;4;4;4;1180;45;
T;63.802000;71.610000;84.675000;0.000000;323.220000;-249.093000;9;18;6;18;651;423;
T;-92.929000;26.257000;-267.573000;276.381000;5.387000;536.508000;9;3;22;65;2817;4;
T;-104.025000;226.765000;162.576000;-254.446000;-484.830000;498.186000;7;1;26;24;2346;386;
T;133.152000;-23.870000;-213.381000;-83.353000;-533.313000;402.381000;0;8;6;30;1055;193;
T;-59.641000;-131.285000;-94.836000;-65.805000;323.220000;204.384000;3;17;8;47;93;147;
T;-18.031000;-119.350000;-44.031000;96.514000;129.288000;364.059000;5;3;10;4;538;324;
T;126.217000;19.096000;206.607000;-127.223000;64.644000;421.542000;3;16;21;27;660;332;
T;102.638000;198.121000;203.220000;-311.477000;237.028000;166.062000;8;2;11;58;2493;90;
T;13.870000;-23.870000;88.062000;-52.644000;-296.285000;76.644000;1;15;1;32;38;69;
T;-113.734000;-28.644000;-274.347000;8.774000;404.025000;197.997000;4;13;5;0;1645;224;
T;-40.223000;-33.418000;-13.548000;-407.991000;452.508000;440.703000;0;8;26;84;2878;236;
T;-85.994000;145.607000;-213.381000;-78.966000;495.604000;619.539000;4;17;1;13;2401;335;
T;117.895000;190.960000;-162.576000;-355.347000;-522.539000;-166.062000;5;16;13;7;2471;189;
T;-138.700000;54.901000;-111.771000;324.638000;-377.090000;-472.638000;4;3;1;73;1975;10;
T;-94.316000;28.644000;-121.932000;-346.573000;436.347000;-140.514000;4;6;4;38;2338;184;
T;-123.443000;-83.545000;233.703000;-350.960000;113.127000;-261.867000;4;12;10;18;1587;15;
T;-124.830000;169.477000;-223.542000;390.443000;-538.700000;332.124000;9;0;3;14;221;461;
T;54.093000;93.093000;257.412000;416.765000;-393.251000;70.257000;1;4;1;67;2959;246;
T;85.994000;-133.672000;172.737000;-179.867000;-495.604000;-159.675000;7;11;22;20;1690;62;
T;49.932000;-200.508000;94.836000;-87.740000;0.000000;-153.288000;0;19;7;65;2215;47;
T;-23.579000;-231.539000;3.387000;219.350000;-377.090000;223.545000;2;15;16;26;2247;410;
T;-109.573000;-54.901000;-203.220000;399.217000;-10.774000;229.932000;8;13;7;97;2623;372;
T;9.709000;40.579000;298.056000;-381.669000;-479.443000;498.186000;9;7;24;97;1454;463;
T;105.412000;126.511000;-264.186000;57.031000;166.997000;-479.025000;6;0;12;46;165;13;
T;-5.548000;140.833000;189.672000;43.870000;398.638000;242.706000;7;10;11;30;2281;218;
T;6.935000;-52.514000;88.062000;39.483000;506.378000;-312.963000;2;12;27;61;2171;298;
T;65.189000;62.062000;-254.025000;263.220000;59.257000;19.161000;1;15;9;12;1053;7;
T;-47.158000;109.802000;291.282000;39.483000;527.926000;344.898000;8;0;8;90;2237;353;
T;-76.285000;-162.316000;-101.610000;-188.641000;-414.799000;-191.610000;0;15;15;83;438;23;
T;99.864000;-126.511000;47.418000;355.347000;527.926000;-312.963000;3;18;2;26;595;75;
T;9.709000;-114.576000;-240.477000;-372.895000;328.607000;261.867000;4;4;8;38;2064;393;
T;84.607000;-124.124000;10.161000;-21.935000;-80.805000;261.867000;7;5;5;33;157;228;
T;-124.830000;-124.124000;-50.805000;30.709000;-280.124000;204.384000;7;18;6;50;1004;347;
T;126.217000;-7.161000;-40.644000;-421.152000;-210.093000;357.672000;4;15;6;43;1814;142;
T;-90.155000;167.090000;-121.932000;83.353000;280.124000;-191.610000;2;0;8;68;1887;274;
T;-9.709000;-88.319000;-84.675000;394.830000;32.322000;-606.765000;5;17;22;92;166;273;
T;-18.031000;-210.056000;118.545000;-131.610000;-457.895000;-281.028000;8;1;7;50;2694;114;
T;-19.418000;229.152000;47.418000;175.480000;-506.378000;-140.514000;7;9;7;3;730;258;
T;-49.932000;-188.573000;257.412000;-364.121000;-263.963000;-114.966000;2;11;19;87;1967;412;
T;33.288000;-19.096000;-27.096000;429.926000;-533.313000;134.127000;7;9;21;11;2599;239;
T;-34.675000;-210.056000;91.449000;-285.155000;-441.734000;-140.514000;3;1;22;80;1183;297;
T;-55.480000;136.059000;115.158000;-372.895000;215.480000;-338.511000;2;12;13;48;2500;260;
T;-134.539000;219.604000;84.675000;-166.706000;-37.709000;344.898000;6;5;11;96;646;414;
T;135.926000;-19.096000;182.898000;-4.387000;134.675000;-555.669000;3;14;0;94;807;4;
T;-33.288000;195.734000;311.604000;359.734000;-107.740000;338.511000;9;9;13;61;1790;370;
T;-29.127000;152.768000;-270.960000;-280.768000;301.672000;-57.483000;7;11;22;75;512;296;
T;-77.672000;-169.477000;-196.446000;421.152000;484.830000;-555.669000;3;13;21;36;2021;325;
T;58.254000;97.867000;27.096000;-153.545000;59.257000;-574.830000;1;14;25;86;887;96;
T;31.901000;-162.316000;186.285000;201.802000;-317.833000;25.548000;8;2;7;67;1659;226;
T;122.056000;52.514000;186.285000;26.322000;522.539000;293.802000;9;9;27;89;635;449;
